** TIME:           9132
** PROPERTY: Pressure
** UNITS:    psi
<      X       > <      Y       > <Layer   10>
      2618249.90       -958897.43      1750.73
      2621566.71       -961599.48      1727.58
      2624777.97       -964211.76      1703.77
      2627952.38       -966794.84      1679.86
      2631184.11       -969430.02      1655.18
      2634402.56       -972057.10      1630.86
      2637607.78       -974677.30      1607.73
      2640799.81       -977291.78      1585.69
      2643978.63       -979901.80      1564.25
      2647144.77       -982508.80      1543.26
      2650299.16       -985114.27      1522.71
      2653442.92       -987719.65      1502.44
      2656577.38       -990326.32      1482.42
      2659703.92       -992936.04      1462.48
      2662824.19       -995550.96      1442.35
      2665939.08       -998172.71      1422.09
      2669050.10      -1000802.39      1403.74
      2600924.79       -938939.74      1907.96
      2604202.13       -941618.07      1885.44
      2607555.78       -944354.89      1861.73
      2610900.49       -947083.13      1838.15
      2614236.04       -949802.51      1814.32
      2617562.27       -952512.84       1789.4
      2620879.01       -955213.99      1764.21
      2624148.76       -957873.81      1739.73
      2627344.68       -960471.60      1715.49
      2630537.80       -963069.99      1691.25
      2633752.73       -965689.36      1666.92
      2636953.12       -968299.30      1642.96
      2640138.41       -970900.78      1619.67
      2643308.75       -973494.91       1597.1
      2646464.90       -976082.96      1575.19
      2649607.94       -978666.41       1553.8
      2652738.82       -981246.88      1532.87
      2655858.39       -983826.00      1512.38
      2658968.13       -986405.59       1492.2
      2662069.67       -988987.79      1472.08
      2665164.37       -991574.70      1451.97


** TIME:           9163
** PROPERTY: Pressure
** UNITS:    psi
<      X       > <      Y       > <Layer   10>
      2618249.90       -958897.43      1750.73
      2621566.71       -961599.48      1727.58
      2624777.97       -964211.76      1703.77
      2627952.38       -966794.84      1679.86
      2631184.11       -969430.02      1655.18
      2634402.56       -972057.10      1630.86
      2637607.78       -974677.30      1607.73
      2640799.81       -977291.78      1585.69
      2643978.63       -979901.80      1564.25
      2647144.77       -982508.80      1543.26
      2650299.16       -985114.27      1522.71
      2653442.92       -987719.65      1502.44
      2656577.38       -990326.32      1482.42
      2659703.92       -992936.04      1462.48
      2662824.19       -995550.96      1442.35
      2665939.08       -998172.71      1422.09
      2669050.10      -1000802.39      1403.74
      2600924.79       -938939.74      1907.96
      2604202.13       -941618.07      1885.44
      2607555.78       -944354.89      1861.73
      2610900.49       -947083.13      1838.15
      2614236.04       -949802.51      1814.32
      2617562.27       -952512.84       1789.4
      2620879.01       -955213.99      1764.21
      2624148.76       -957873.81      1739.73
      2627344.68       -960471.60      1715.49
      2630537.80       -963069.99      1691.25
      2633752.73       -965689.36      1666.92
      2636953.12       -968299.30      1642.96
      2640138.41       -970900.78      1619.67
      2643308.75       -973494.91       1597.1
      2646464.90       -976082.96      1575.19
      2649607.94       -978666.41       1553.8
      2652738.82       -981246.88      1532.87
      2655858.39       -983826.00      1512.38
      2658968.13       -986405.59       1492.2
      2662069.67       -988987.79      1472.08
      2665164.37       -991574.70      1451.97
      2668253.27       -994168.10      1432.13
      2671337.05       -996769.44      1413.53
      2674417.09       -999380.28      1395.96
      2677496.13      -1002002.25      1378.57
      2680580.37      -1004636.95      1361.65
      2683682.47      -1007285.52      1346.61
      2586898.22       -921655.68      2046.02
      2590278.11       -924417.30      2023.63
      2593647.68       -927170.01       1999.7
      2597006.36       -929913.15       1975.7
      2600353.81       -932646.34      1950.82
      2603652.52       -935340.55      1925.88
      2606914.68       -938006.54      1901.75
      2610220.16       -940705.61       1877.4
      2613557.85       -943427.45      1852.95
      2616886.11       -946140.02      1828.46
      2620204.70       -948842.96      1803.84
      2623513.26       -951536.16      1779.07
      2626737.08       -954154.63      1754.58
      2629920.50       -956740.37      1730.27
      2633135.41       -959357.27      1705.94
      2636334.85       -961962.52         1682
      2639518.30       -964556.77      1658.52
      2642685.21       -967140.76      1635.37
      2645835.65       -969715.56      1612.59
      2648970.71       -972282.42       1590.3
      2652091.84       -974842.75      1568.54
      2655200.21       -977398.20      1547.28
      2658296.92       -979950.72       1526.5
      2661383.28       -982502.42      1506.05
      2664461.19       -985055.72      1485.74
      2667532.22       -987613.08      1465.52
      2670597.53       -990176.56      1445.46
      2673657.82       -992747.78      1425.87
      2676713.33       -995328.27      1407.17
      2679764.55       -997919.70      1389.69
      2682813.27      -1000524.38      1373.13
      2685865.18      -1003144.72      1357.45
      2688937.27      -1005781.99      1342.45
      2692071.39      -1008434.73      1329.29
      2576036.82       -906949.62      2150.89
      2579446.35       -909737.54      2131.34
      2582847.80       -912518.42      2110.02